24
1,63/250
0,107/250
0,73/125
0,19/250
1,73/125
1,63/125
0,0
0,271/500
1,107/250
1,86/125
1,0
0,1
1,19/250
0,63/250
1,112/125
1,271/500
0,127/250
0,63/125
1,127/250
0,112/125
0,99/125
0,86/125
1,99/125
1,1
11
4
3 6 10 12
4
13 3 12 0
4
19 14 23 11
4
19 20 22 14
4
21 9 22 20
4
21 2 4 9
4
2 7 15 4
4
7 16 18 15
4
17 5 18 16
4
1 8 5 17
4
13 0 8 1
1,-63/250
0,-19/250
0,2/25
0,-19/250
1,2/25
1,0
0,0
0,19/500
1,-19/250
1,23/125
1,0
0,2/25
1,-19/250
0,-63/250
1,23/125
1,19/500
0,1/250
0,0
1,1/250
0,23/125
0,2/25
0,23/125
1,2/25
1,2/25