18
0,5/8
1,1/2
0,1/2
0,1/4
1,3/8
0,0
1,0
0,3/8
0,3/4
1,3/4
0,1/8
0,1
1,7/8
0,7/8
1,1/8
1,5/8
1,1
1,1/4
8
4
5 6 14 10
4
3 10 14 17
4
3 17 4 7
4
2 7 4 1
4
2 1 15 0
4
8 0 15 9
4
8 9 12 13
4
11 13 12 16
-9999999999999999999,0
-9999999999999999998,1/8
-9999999999999999999,1/8
-9999999999999999999,1/8
-9999999999999999998,0
-9999999999999999999,1/8
-9999999999999999998,1/8
-9999999999999999999,0
-9999999999999999999,1/8
-9999999999999999998,1/8
-9999999999999999999,0
-9999999999999999999,1/8
-9999999999999999998,0
-9999999999999999999,0
-9999999999999999998,0
-9999999999999999998,0
-9999999999999999998,1/8
-9999999999999999998,1/8