7
0,1/2
1/2,0
0,0
1,0
1/2,1/2
0,1
1,1
6
3
2 1 4
3
2 4 0
3
5 0 4
3
4 6 5
3
4 3 6
3
3 4 1
-124120966510323061173441195860886952754275341600913/2860178793498748800953210165490003693902866567459730,132/265
-124120966510323061173441195860886952754275341600913/2860178793498748800953210165490003693902866567459730,132/265
11/5396563761318393964062660689603780554533710504641,0
11/5396563761318393964062660689603780554533710504641,0
1300571866477732945339101226194511113642624231624311/2860178793498748800953210165490003693902866567459730,287/530
11/5396563761318393964062660689603780554533710504641,0
1424692832988056006512542422055398066396899573228139/1430089396749374400476605082745001846951433283729865,23/265