9
145140195952095552123/199601929981866380002,115130639072198975517/199601929981866380002
1,127006210212674241059/173550511272047904030
0,0
1,0
0,287014168573/1753287675170
0,1
1466273506597/3012532589406,1
1,1359524932905912801/14085127841817412736
1,1
3
3
6 5 4
3
6 4 0
8
2 3 7 1 8 6 0 4
145140195952095552123/199601929981866380002,115130639072198975517/199601929981866380002
1,127006210212674241059/173550511272047904030
0,0
1,0
0,287014168573/1753287675170
145140195952095552123/199601929981866380002,115130639072198975517/199601929981866380002
1466273506597/3012532589406,1
1,1359524932905912801/14085127841817412736
1,1