4
0,0
1,0
0,1
1,1
1
4
2 0 1 3
239999999999999999999999999999999999999999999999999999999999999999999999999999999999999999999999999990,239999999999999999999999999999999999999999999999999999999999999999999999999999999999999999999999999990
239999999999999999999999999999999999999999999999999999999999999999999999999999999999999999999999999991,239999999999999999999999999999999999999999999999999999999999999999999999999999999999999999999999999990
239999999999999999999999999999999999999999999999999999999999999999999999999999999999999999999999999990,239999999999999999999999999999999999999999999999999999999999999999999999999999999999999999999999999991
239999999999999999999999999999999999999999999999999999999999999999999999999999999999999999999999999991,239999999999999999999999999999999999999999999999999999999999999999999999999999999999999999999999999991