9
4813407091256314526532712498099/11836693533873956595868936556001,4792099063644735757678933194001/11836693533873956595868936556001
1,15402092358872239/37875680186841000
0,0
1,0
0,4777495778589801171254890960099/11836639222781593517196900462000
0,1
4827901754126522955612682543999/11836639222781593517196900462000,0
168162813324288050/415372279431944421,1
1,1
3
3
7 1 8
3
7 0 1
8
2 6 3 1 0 7 5 4
4813407091256314526532712498099/11836693533873956595868936556001,4792099063644735757678933194001/11836693533873956595868936556001
1,15402092358872239/37875680186841000
0,0
1,0
0,4777495778589801171254890960099/11836639222781593517196900462000
0,1
4827901754126522955612682543999/11836639222781593517196900462000,0
168162813324288050/415372279431944421,1
4813407091256314526532712498099/11836693533873956595868936556001,4792099063644735757678933194001/11836693533873956595868936556001