4
0,0
1,0
0,1
1,1
1
4
2 0 1 3
99999999999999999999999999999999999999999999999999999999999999999999999999999999999999999999999999990,99999999999999999999999999999999999999999999999999999999999999999999999999999999999999999999999999990
99999999999999999999999999999999999999999999999999999999999999999999999999999999999999999999999999991,99999999999999999999999999999999999999999999999999999999999999999999999999999999999999999999999999990
99999999999999999999999999999999999999999999999999999999999999999999999999999999999999999999999999990,99999999999999999999999999999999999999999999999999999999999999999999999999999999999999999999999999991
99999999999999999999999999999999999999999999999999999999999999999999999999999999999999999999999999991,99999999999999999999999999999999999999999999999999999999999999999999999999999999999999999999999999991