9
0,40275909720257/64623661264005
41651135168557063933784/59184011423362603887407,0
0,0
1,0
0,79326203681056712767/1443512473740551314327
25179108247157448359776/89269416057036959388943,33337778984597680724983/89269416057036959388943
0,1
6086937885937/7273013304557,1
1,1
3
3
6 0 7
3
5 7 0
8
2 1 3 8 7 5 0 4
0,40275909720257/64623661264005
41651135168557063933784/59184011423362603887407,0
0,0
1,0
0,79326203681056712767/1443512473740551314327
25179108247157448359776/89269416057036959388943,33337778984597680724983/89269416057036959388943
25179108247157448359776/89269416057036959388943,33337778984597680724983/89269416057036959388943
6086937885937/7273013304557,1
1,1